000001 713.00 2.80
000002 3408.00 2.50
000003 2074.00 1.00
000004 4731.00 3.30
000005 1413.00 3.80
000006 4918.00 0.90
000007 3642.00 1.90
000008 3034.00 1.10
000009 4399.00 0.70
000010 3960.00 1.70
000011 4057.00 0.80
000012 4255.00 1.00
000013 1518.00 1.70
000014 2538.00 1.40
000015 1038.00 4.20
000016 929.00 1.80
000017 4140.00 3.00
000018 1679.00 3.60
000019 1533.00 4.60
000020 4125.00 1.30
000021 2336.00 1.40
000022 862.00 3.40
000023 2121.00 3.20
000024 4427.00 4.60
000025 1321.00 1.80
000026 3829.00 0.80
000027 1596.00 3.90
000028 1026.00 2.50
000029 1388.00 3.50
000030 567.00 3.30
