000001,115,195,933,1730211227,Amaz0n
000002,128,133,516,1730211228,Groceries
000003,129,163,794,1730211229,Electronics
000004,146,189,534,1730211230,Amazon purchase
000005,142,110,638,1730211231,Deposit
000006,106,118,895,1730211232,G00gle
000007,138,198,135,1730211233,Amaz0n
000008,124,168,878,1730211234,FREE gift
000009,115,112,337,1730211235,PRIZE winner
000010,197,153,671,1730211236,Salary
000011,169,165,156,1730211237,DISCOUNT deal
000012,154,142,768,1730211238,Micro$oft
000013,152,106,586,1730211239,Invoice payment
000014,176,133,409,1730211240,FREE gift
000015,132,145,437,1730211241,Subscription fee
000016,165,167,500,1730211242,Utility bill
000017,131,137,823,1730211243,Insurance premium
000018,142,194,459,1730211244,Transfer
000019,111,115,379,1730211245,DISCOUNT deal
000020,110,199,265,1730211246,SALE offer
000021,157,151,425,1730211247,Deposit
000022,184,134,452,1730211248,PRIZE winner
000023,131,189,977,1730211249,Ebayy
000024,109,177,676,1730211250,DISCOUNT deal
000025,166,151,521,1730211251,Subscription fee
000026,197,181,872,1730211252,Subscription fee
000027,148,103,425,1730211253,Subscription fee
000028,154,190,173,1730211254,Transfer
000029,193,150,649,1730211255,Salary
000030,136,102,1046,1730211256,PRIZE winner
000031,143,123,816,1730211257,Electronics
000032,152,193,845,1730211258,PRIZE winner
000033,196,166,1079,1730211259,WINNER announcement
000034,199,103,254,1730211260,Amazon purchase
000035,158,180,458,1730211261,Withdrawal
000036,122,183,275,1730211262,FREE gift
000037,185,177,694,1730211263,G00gle
000038,179,192,142,1730211264,Faceb00k
000039,168,158,179,1730211265,Amaz0n
000040,103,124,691,1730211266,Electronics
000041,142,122,1098,1730211267,OFFER limited
000042,125,152,942,1730211268,Subscription fee
000043,184,152,247,1730211269,Mortgage payment
000044,188,174,575,1730211270,Micro$oft
000045,151,121,647,1730211271,Utility bill
000046,113,189,457,1730211272,Subscription fee
000047,100,136,706,1730211273,Utility bill
000048,160,197,607,1730211274,Electronics
000049,119,105,696,1730211275,Ebayy
000050,110,138,831,1730211276,WINNER announcement
000051,143,178,753,1730211277,Insurance premium
000052,152,128,1056,1730211278,Insurance premium
000053,149,104,838,1730211279,DISCOUNT deal
000054,145,195,1048,1730211280,G00gle
000055,131,106,1053,1730211281,PRIZE winner
000056,103,112,846,1730211282,Faceb00k
000057,170,194,522,1730211283,Utility bill
000058,133,153,126,1730211284,Salary
000059,131,132,959,1730211285,Deposit
000060,160,115,692,1730211286,Withdrawal
000061,171,182,729,1730211287,WINNER announcement
000062,178,177,1066,1730211288,Refund
000063,184,171,905,1730211289,SALE offer
000064,184,151,966,1730211290,Rent payment
000065,145,188,886,1730211291,Utility bill
000066,194,112,1010,1730211292,Electronics
000067,196,169,565,1730211293,Mortgage payment
000068,137,109,871,1730211294,Invoice payment
000069,192,100,529,1730211295,Amaz0n
000070,129,196,631,1730211296,DISCOUNT deal
000071,167,136,557,1730211297,Salary
000072,139,175,957,1730211298,Withdrawal
000073,115,195,667,1730211299,Refund
000074,160,130,387,1730211300,Insurance premium
000075,199,152,813,1730211301,Transfer
000076,162,136,301,1730211302,Rent payment
000077,188,130,576,1730211303,Amaz0n
000078,178,107,535,1730211304,Ebayy
000079,196,144,601,1730211305,Invoice payment
000080,119,159,872,1730211306,Invoice payment
000081,154,192,796,1730211307,FREE gift
000082,122,135,323,1730211308,Micro$oft
000083,188,114,702,1730211309,Amazon purchase
000084,115,108,813,1730211310,Amaz0n
000085,184,135,1024,1730211311,PRIZE winner
000086,171,122,839,1730211312,OFFER limited
000087,123,175,739,1730211313,Refund
000088,199,126,341,1730211314,FREE gift
000089,122,107,113,1730211315,Subscription fee
000090,130,139,798,1730211316,WINNER announcement
000091,153,100,196,1730211317,PRIZE winner
000092,160,161,465,1730211318,WINNER announcement
000093,197,141,1039,1730211319,Amaz0n
000094,115,179,1087,1730211320,SALE offer
000095,106,126,125,1730211321,Utility bill
000096,104,166,1097,1730211322,Electronics
000097,126,162,837,1730211323,Insurance premium
000098,153,135,127,1730211324,Insurance premium
000099,187,123,1026,1730211325,G00gle
000100,137,192,943,1730211326,Refund
000101,185,134,854,1730211327,Groceries
000102,113,193,192,1730211328,WINNER announcement
000103,172,117,477,1730211329,Groceries
000104,136,174,855,1730211330,Withdrawal
000105,188,192,970,1730211331,OFFER limited
000106,127,198,200,1730211332,FREE gift
000107,173,127,765,1730211333,Invoice payment
000108,171,160,596,1730211334,Insurance premium
000109,195,102,1009,1730211335,Subscription fee
000110,196,101,780,1730211336,Amaz0n
000111,119,157,496,1730211337,Utility bill
000112,183,152,417,1730211338,Ebayy
000113,144,139,965,1730211339,Faceb00k
000114,189,166,390,1730211340,DISCOUNT deal
000115,145,108,977,1730211341,PRIZE winner
000116,168,174,776,1730211342,Transfer
000117,176,186,1072,1730211343,Faceb00k
000118,187,104,244,1730211344,Insurance premium
000119,161,193,1013,1730211345,Ebayy
000120,197,182,167,1730211346,PRIZE winner
000121,122,185,417,1730211347,Transfer
000122,103,160,878,1730211348,Amazon purchase
000123,120,156,768,1730211349,Transfer
000124,130,144,1052,1730211350,Subscription fee
000125,130,176,835,1730211351,Amaz0n
000126,180,179,1028,1730211352,PRIZE winner
000127,124,142,989,1730211353,Ebayy
000128,124,108,1015,1730211354,Micro$oft
000129,145,184,262,1730211355,Micro$oft
000130,196,140,948,1730211356,FREE gift
000131,148,116,405,1730211357,Salary
000132,113,109,789,1730211358,Amaz0n
000133,185,124,465,1730211359,OFFER limited
000134,155,194,310,1730211360,Utility bill
000135,188,151,401,1730211361,SALE offer
000136,111,168,263,1730211362,Mortgage payment
000137,105,177,705,1730211363,Groceries
000138,117,106,1018,1730211364,FREE gift
000139,174,175,996,1730211365,Withdrawal
000140,184,185,835,1730211366,Ebayy
000141,161,100,1038,1730211367,OFFER limited
000142,146,100,897,1730211368,Refund
000143,151,150,599,1730211369,Withdrawal
000144,119,114,571,1730211370,Faceb00k
000145,191,177,377,1730211371,Invoice payment
000146,183,147,326,1730211372,Mortgage payment
000147,174,175,897,1730211373,Subscription fee
000148,112,132,179,1730211374,Faceb00k
000149,184,169,891,1730211375,Insurance premium
000150,169,140,417,1730211376,G00gle
000151,142,168,687,1730211377,Deposit
000152,182,158,737,1730211378,Amazon purchase
000153,187,167,986,1730211379,G00gle
000154,114,112,732,1730211380,SALE offer
000155,139,129,399,1730211381,Electronics
000156,113,131,578,1730211382,G00gle
000157,100,121,480,1730211383,G00gle
000158,161,198,946,1730211384,Salary
000159,118,133,517,1730211385,Groceries
000160,144,106,726,1730211386,Insurance premium
000161,173,164,154,1730211387,DISCOUNT deal
000162,129,186,581,1730211388,PRIZE winner
000163,167,180,720,1730211389,Utility bill
000164,163,198,529,1730211390,FREE gift
000165,119,110,738,1730211391,Mortgage payment
000166,160,184,388,1730211392,Salary
000167,170,157,931,1730211393,FREE gift
000168,163,110,897,1730211394,SALE offer
000169,174,103,781,1730211395,Salary
000170,141,162,372,1730211396,Invoice payment
000171,194,144,940,1730211397,Subscription fee
000172,195,122,926,1730211398,FREE gift
000173,132,164,851,1730211399,WINNER announcement
000174,100,139,822,1730211400,G00gle
000175,196,154,488,1730211401,Deposit
000176,116,138,500,1730211402,DISCOUNT deal
000177,193,133,846,1730211403,Withdrawal
000178,147,118,847,1730211404,OFFER limited
000179,114,140,852,1730211405,Refund
000180,162,178,528,1730211406,Ebayy
000181,194,179,1090,1730211407,Ebayy
000182,170,164,1069,1730211408,FREE gift
000183,170,109,677,1730211409,Deposit
000184,199,130,529,1730211410,PRIZE winner
000185,115,175,480,1730211411,Transfer
000186,145,179,405,1730211412,Refund
000187,171,109,921,1730211413,Subscription fee
000188,187,149,131,1730211414,Subscription fee
000189,180,173,879,1730211415,Amazon purchase
000190,138,148,116,1730211416,Subscription fee
000191,110,145,195,1730211417,Refund
000192,127,124,202,1730211418,PRIZE winner
000193,151,134,906,1730211419,Ebayy
000194,166,163,855,1730211420,Withdrawal
000195,172,176,223,1730211421,Deposit
000196,177,154,1044,1730211422,Mortgage payment
000197,180,175,759,1730211423,PRIZE winner
000198,176,127,826,1730211424,Deposit
000199,125,173,495,1730211425,Electronics
000200,149,150,147,1730211426,Amazon purchase
