30
000001 713.00 2.80 0
000002 3408.00 2.50 6
711911 17 1 292.00
842484 1 13 190.00
662587 2 1 194.00
610283 1 8 937.00
188669 27 1 364.00
804275 13 1 295.00
000003 2074.00 1.00 4
983620 3 2 908.00
564126 20 2 719.00
662587 2 1 194.00
830803 25 2 308.00
000004 4731.00 3.30 2
983620 3 2 908.00
521671 26 3 406.00
000005 1413.00 3.80 5
972995 4 25 531.00
668926 25 4 853.00
922383 4 21 961.00
895366 4 22 558.00
697902 6 4 267.00
000006 4918.00 0.90 3
218129 5 28 150.00
730953 5 8 349.00
762191 12 5 396.00
000007 3642.00 1.90 5
834833 25 6 454.00
511804 17 6 554.00
564136 6 15 531.00
555387 6 13 325.00
697902 6 4 267.00
000008 3034.00 1.10 4
648955 13 7 918.00
111877 7 21 313.00
470754 7 26 101.00
881405 7 24 829.00
000009 4399.00 0.70 3
730953 5 8 349.00
610283 1 8 937.00
391330 17 8 783.00
000010 3960.00 1.70 2
714049 9 10 390.00
117092 25 9 133.00
000011 4057.00 0.80 3
714049 9 10 390.00
225743 10 23 624.00
987756 10 29 925.00
000012 4255.00 1.00 1
832573 20 11 720.00
000013 1518.00 1.70 1
762191 12 5 396.00
000014 2538.00 1.40 4
842484 1 13 190.00
648955 13 7 918.00
555387 6 13 325.00
804275 13 1 295.00
000015 1038.00 4.20 1
839547 17 14 642.00
000016 929.00 1.80 3
564136 6 15 531.00
342813 15 16 796.00
284977 17 15 933.00
000017 4140.00 3.00 5
166038 20 16 571.00
567828 16 20 230.00
548529 16 29 239.00
342813 15 16 796.00
160301 18 16 482.00
000018 1679.00 3.60 7
711911 17 1 292.00
511804 17 6 554.00
912938 17 22 567.00
772058 17 25 494.00
839547 17 14 642.00
284977 17 15 933.00
391330 17 8 783.00
000019 1533.00 4.60 2
615594 18 27 134.00
160301 18 16 482.00
000020 4125.00 1.30 1
489390 19 24 367.00
000021 2336.00 1.40 4
166038 20 16 571.00
567828 16 20 230.00
564126 20 2 719.00
832573 20 11 720.00
000022 862.00 3.40 2
111877 7 21 313.00
922383 4 21 961.00
000023 2121.00 3.20 2
912938 17 22 567.00
895366 4 22 558.00
000024 4427.00 4.60 2
225743 10 23 624.00
412825 23 26 443.00
000025 1321.00 1.80 2
881405 7 24 829.00
489390 19 24 367.00
000026 3829.00 0.80 6
834833 25 6 454.00
117092 25 9 133.00
972995 4 25 531.00
668926 25 4 853.00
772058 17 25 494.00
830803 25 2 308.00
000027 1596.00 3.90 3
470754 7 26 101.00
521671 26 3 406.00
412825 23 26 443.00
000028 1026.00 2.50 2
615594 18 27 134.00
188669 27 1 364.00
000029 1388.00 3.50 1
218129 5 28 150.00
000030 567.00 3.30 2
548529 16 29 239.00
987756 10 29 925.00
