714049 000009 000010 390.00
166038 000020 000016 571.00
983620 000003 000002 908.00
218129 000005 000028 150.00
834833 000025 000006 454.00
730953 000005 000008 349.00
117092 000025 000009 133.00
567828 000016 000020 230.00
123784 000030 000023 874.00
397850 000030 000016 822.00
711911 000017 000001 292.00
518902 000029 000025 935.00
842484 000001 000013 190.00
564126 000020 000002 719.00
225743 000010 000023 624.00
972995 000004 000025 531.00
511804 000017 000006 554.00
648955 000013 000007 918.00
305220 000030 000021 523.00
111877 000007 000021 313.00
668926 000025 000004 853.00
564136 000006 000015 531.00
470754 000007 000026 101.00
762191 000012 000005 396.00
662587 000002 000001 194.00
529995 000030 000005 816.00
912938 000017 000022 567.00
922383 000004 000021 961.00
772058 000017 000025 494.00
610283 000001 000008 937.00
895366 000004 000022 558.00
615594 000018 000027 134.00
188669 000027 000001 364.00
555387 000006 000013 325.00
521671 000026 000003 406.00
548529 000016 000029 239.00
342813 000015 000016 796.00
412825 000023 000026 443.00
839547 000017 000014 642.00
987756 000010 000029 925.00
994268 000029 000002 655.00
881405 000007 000024 829.00
160301 000018 000016 482.00
697902 000006 000004 267.00
489390 000019 000024 367.00
832573 000020 000011 720.00
284977 000017 000015 933.00
804275 000013 000001 295.00
830803 000025 000002 308.00
391330 000017 000008 783.00
