786697 2220.62 2.44
373317 8484.74 2.73
382413 6437.71 3.81
993817 4317.76 2.03
399746 1423.82 4.79
305928 8096.15 4.68
217405 8681.39 3.52
872186 6234.90 4.80
665357 8110.72 1.16
424319 1893.62 3.63
854489 8799.00 4.18
947193 5582.40 3.50
308345 9521.40 1.92
824417 9811.81 3.39
333748 7651.44 3.58
315893 2854.15 2.74
194864 7792.00 2.15
500689 3800.49 4.48
408093 4398.81 3.64
489155 7628.88 4.03
282787 4105.01 3.50
627899 3817.78 1.54
402551 7428.32 1.32
598694 8366.77 1.24
526587 2619.09 4.20
698993 5396.08 1.02
278595 7455.91 4.04
141372 6193.67 1.28
884549 4478.42 2.79
745110 3129.37 1.74
532097 7705.40 3.12
848560 1427.12 4.37
167816 9779.28 3.23
488629 2199.59 2.50
904818 9005.80 3.22
732479 3621.75 1.18
177542 2143.58 4.05
257411 3252.68 2.36
676976 3183.95 3.90
201596 9048.12 4.85
139237 3738.81 3.83
177093 4055.01 4.02
346005 5579.12 3.92
603374 7832.55 4.45
940913 1627.10 4.01
525074 2614.20 1.18
555398 3648.02 1.68
143103 2520.54 2.69
588877 2032.27 3.66
233517 5582.01 3.23
